DATA:2023-05-17T10:30:32.334238 OGGETTO: FRIGORIFERI
DATA:2023-05-17T10:30:48.215937 OGGETTO: FRIGORIFERI
